net 
{ 
}
node electricity 
{
  states = ( "Cooperative" "No" "Private" "Public" "Unknown" );
}
node toilet 
{
  states = ( "Black Hole Or Letrine" "No" "Other" "Septic Tank" "Sewer Or Cesspool" );
}
node cook_energy 
{
  states = ( "Electricity" "Gas" "No" "Wood Charcoal" );
}
node rubbish_disposal 
{
  states = ( "Botan Hollow Or Buried" "Burning" "Other" "Tanker Truck" "Throw Unoccupied Space" );
}
node state_wall 
{
  states = ( "Bad" "Good" "Regular" );
}
node state_roof 
{
  states = ( "Bad" "Good" "Regular" );
}
node state_floor 
{
  states = ( "Bad" "Good" "Regular" );
}
node civil_state 
{
  states = ( "10-" "Divorced" "Free Or Coupled Union" "Married" "Separated" "Single" "Widow" );
}
node education_primary 
{
  states = ( "Complete" "Incomplete" "Unknown" );
}
node dwelling_type 
{
  states = ( "Other" "Own And Paid" "Own And Paying" "Precarious" "Rented" );
}
node y 
{
  states = ( "Non-poor" "Poor" );
}
potential ( electricity ) 
{
  data = ( 0.109103079 0.003012048 0.000669344 0.885876841 0.001338688 );
}
potential ( toilet | electricity ) 
{
  data = ((0.024539877 0.003067485 0.000000000 0.917177914 0.055214724)(0.4444444 0.2222222 0.0000000 0.1111111 0.2222222)(0.0 0.0 0.0 1.0 0.0)(0.009444654 0.004533434 0.002644503 0.738571968 0.244805440)(0.50 0.00 0.00 0.25 0.25)) ;
}
potential ( cook_energy | toilet ) 
{
  data = ((0.2051282 0.3589744 0.0000000 0.4358974)(0.40000000 0.33333333 0.20000000 0.06666667)(0.5714286 0.4285714 0.0000000 0.0000000)(0.461470328 0.484942427 0.003985828 0.049601417)(0.663677130 0.318385650 0.004484305 0.013452915)) ;
}
potential ( rubbish_disposal | cook_energy ) 
{
  data = ((0.0146276596 0.0352393617 0.0000000000 0.9494680851 0.0006648936)(0.033082707 0.112781955 0.003007519 0.848120301 0.003007519)(0.0 0.2 0.0 0.8 0.0)(0.1726619 0.3165468 0.0000000 0.5107914 0.0000000)) ;
}
potential ( state_wall | cook_energy ) 
{
  data = ((0.06914894 0.67752660 0.25332447)(0.1157895 0.5225564 0.3616541)(0.2 0.2 0.6)(0.3381295 0.2661871 0.3956835)) ;
}
potential ( state_roof | state_wall ) 
{
  data = ((0.75000000 0.07142857 0.17857143)(0.03762828 0.86374002 0.09863170)(0.1069114 0.2365011 0.6565875)) ;
}
potential ( state_floor | state_wall state_roof ) 
{
  data = (((0.78354978 0.07792208 0.13852814)(0.3181818 0.4090909 0.2727273)(0.3636364 0.1272727 0.5090909))((0.1060606 0.6666667 0.2272727)(0.005940594 0.949174917 0.044884488)(0.04046243 0.75722543 0.20231214))((0.1717172 0.4040404 0.4242424)(0.07305936 0.61643836 0.31050228)(0.04111842 0.22368421 0.73519737))) ;
}
potential ( civil_state | y ) 
{
  data = ((0.08279431 0.05993963 0.11297973 0.29883571 0.07115136 0.31996550 0.05433376)(0.16741405 0.02391629 0.13153961 0.19282511 0.10762332 0.31838565 0.05829596)) ;
}
potential ( education_primary ) 
{
  data = ( 0.2188755 0.1673360 0.6137885 );
}
potential ( dwelling_type | state_wall ) 
{
  data = ((0.13636364 0.58766234 0.01948052 0.08766234 0.16883117)(0.063854048 0.633979475 0.127708096 0.002280502 0.172177879)(0.11123110 0.61771058 0.05399568 0.01619870 0.20086393)) ;
}
potential ( y | state_wall state_floor education_primary ) 
{
  data = ((((0.5818182 0.4181818)(0.4393939 0.5606061)(0.5747126 0.4252874))((0.5 0.5)(0.4 0.6)(0.625 0.375))((0.5294118 0.4705882)(0.5882353 0.4117647)(0.59375 0.40625)))(((0.7142857 0.2857143)(0.6666667 0.3333333)(0.5384615 0.4615385))((0.8393443 0.1606557)(0.7464115 0.2535885)(0.91628753 0.08371247))((0.7307692 0.2692308)(0.6190476 0.3809524)(0.7464789 0.2535211)))(((0.3529412 0.6470588)(0.4615385 0.5384615)(0.3928571 0.6071429))((0.7875 0.2125)(0.754717 0.245283)(0.7696629 0.2303371))((0.705036 0.294964)(0.5925926 0.4074074)(0.6741935 0.3258065)))) ;
}
